PESEL_wlasciciela	id_wlasciciela
46011466970	1
46020991650	2
46021119237	3
46021336913	4
46022413514	5
46030620238	6
46032445608	7
46040622156	8
46041442805	9
46043062788	10
46051942290	11
46052305496	12
46052453908	13
46053054085	14
46060377898	15
46061461215	16
46062764959	17
46073182890	18
46080423256	19
46081885932	20
46082065311	21
46082878948	22
46083050756	23
47010202392	24
47011947472	25
47021830810	26
47030589952	27
47031820856	28
47032407216	29
47041487892	30
47050427223	31
47050970431	32
47052186876	33
47052983237	34
47071003349	35
47071280795	36
47082597987	37
47083070698	38
47083087902	39
48010504088	40
48011656289	41
48020465470	42
48020760063	43
48021648814	44
48022170055	45
48031914998	46
48032154528	47
48032754766	48
48040382676	49
48042923877	50
48060489023	51
48070903616	52
48080940272	53
48081892851	54
48082674845	55
49010235558	56
49010739731	57
49012817288	58
49021050432	59
49021619936	60
49031259672	61
49033115660	62
49040370982	63
49041041302	64
49041743211	65
49042572535	66
49051423949	67
49053087255	68
49060428878	69
49060974720	70
49061136860	71
49061817529	72
49070676845	73
49072881500	74
49081575670	75
49082322103	76
49082392869	77
49082653548	78
50020444537	79
50022811333	80
50031383814	81
50031962161	82
50032536884	83
50040474996	84
50042299595	85
50050416519	86
50051480353	87
50051521568	88
50061687492	89
50062002797	90
50062806261	91
50062925171	92
50070184854	93
50071637405	94
51010332135	95
51011724575	96
51012668900	97
51020542232	98
51020720139	99
51022589789	100
51030275258	101
51030558874	102
51031812876	103
51032881974	104
51040359643	105
51041299678	106
51042096137	107
51042472562	108
51042803935	109
51052640610	110
51053111470	111
51060797230	112
51070170625	113
51070327317	114
51070658882	115
51071988775	116
51072078693	117
51081031900	118
51081417069	119
52010124205	120
52011451034	121
52012727116	122
52020266689	123
52020392377	124
52020552034	125
52020642168	126
52020978980	127
52022473704	128
52031822524	129
52032900072	130
52041184472	131
52052985806	132
52062277807	133
52062994373	134
52070570651	135
52071670305	136
52072709095	137
52080329485	138
52081491415	139
52081917351	140
52082959989	141
53010873595	142
53013041854	143
53031682600	144
53032143221	145
53032333871	146
53040550895	147
53040668053	148
53060961790	149
53061133307	150
53061152661	151
53080101927	152
53082056089	153
53082515548	154
54010520609	155
54012409115	156
54020611490	157
54022292433	158
54023009742	159
54030119920	160
54030317106	161
54031873326	162
54032489173	163
54032857200	164
54042703946	165
54050323909	166
54051014059	167
54052490841	168
54060496574	169
54061733382	170
54072239147	171
54081004691	172
55010297573	173
55010760572	174
55022400688	175
55023185319	176
55032120431	177
55032279333	178
55041701362	179
55042474258	180
55050580936	181
55052390957	182
55080281557	183
55081052660	184
55081325955	185
56011138636	186
56021518813	187
56022943739	188
56032295004	189
56041029463	190
56042492334	191
56061135034	192
56070414962	193
56070615011	194
56080747096	195
57011115436	196
57011203957	197
57011431132	198
57011497877	199
57020517254	200
57020604385	201
57020938389	202
57020972316	203
57021247282	204
57022019563	205
57022063289	206
57030730425	207
57030797307	208
57031573494	209
57051324320	210
57052397934	211
57060394750	212
57062976626	213
57072234099	214
57072860959	215
57081290835	216
58020427974	217
58021838845	218
58022615384	219
58023137386	220
58030854177	221
58033066128	222
58041437527	223
58042112180	224
58051001785	225
58051145351	226
58060709470	227
58061266622	228
58070656216	229
58071296547	230
58071789917	231
58072234744	232
58072850731	233
58083146445	234
59010522224	235
59011820550	236
59013009470	237
59020304760	238
59022173641	239
59031732352	240
59032703780	241
59040877488	242
59041592739	243
59042500616	244
59050269271	245
59050332838	246
59070365986	247
59071561510	248
59071769949	249
59072599516	250
59073124764	251
60010277045	252
60010473250	253
60010601249	254
60011168304	255
60012759556	256
60021281905	257
60031387558	258
60031961312	259
60040769196	260
60041619612	261
60043054745	262
60043138429	263
60050201073	264
60050547348	265
60050671713	266
60052703849	267
60052788336	268
60053088817	269
60061267978	270
60061865589	271
60070956944	272
60071127932	273
60072720653	274
60080726065	275
60081464407	276
61012279790	277
61020292846	278
61021810933	279
61022296800	280
61031104103	281
61032006107	282
61032720014	283
61050332084	284
61052704540	285
61052950125	286
61062020490	287
61062963757	288
61080365225	289
61080996814	290
61081265593	291
61081473918	292
61082403572	293
61082948857	294
61083058290	295
62011655277	296
62011695163	297
62011934271	298
62020948331	299
62022868857	300
62031269476	301
62040589086	302
62051358846	303
62051903961	304
62051920018	305
62052709603	306
62052849084	307
62062945583	308
62062960669	309
62071578176	310
62071711090	311
62072015643	312
62072253999	313
63010709806	314
63010758879	315
63020259210	316
63020938526	317
63022684906	318
63041309329	319
63041987576	320
63043100652	321
63051498118	322
63052589877	323
63052636623	324
63061111360	325
63061649331	326
63062873269	327
63062948422	328
63070107099	329
63072544100	330
63072656867	331
63082017070	332
63082096806	333
63082755819	334
63083100472	335
64010345124	336
64012022764	337
64012826252	338
64021933695	339
64030181212	340
64030292084	341
64032113198	342
64032309553	343
64032447178	344
64040392662	345
64042228989	346
64051797696	347
64052767917	348
64060788139	349
64061711864	350
64062775711	351
64071032276	352
64071194501	353
64072172748	354
64072869277	355
64080832953	356
64083030655	357
65010295242	358
65011176126	359
65032546119	360
65032927532	361
65041472416	362
65041986739	363
65042219946	364
65051837999	365
65071807152	366
65080912814	367
65080951143	368
66012953051	369
66021648856	370
66030873771	371
66032816415	372
66040707105	373
66052886517	374
66071450180	375
66080201887	376
66081501146	377
66082130060	378
67011611290	379
67020855216	380
67021777827	381
67022437717	382
67032058465	383
67032571100	384
67040514269	385
67040759741	386
67041150695	387
67042967171	388
67051825097	389
67061110749	390
67070660543	391
67081491310	392
67082189504	393
68010959879	394
68011651046	395
68021942220	396
68022790617	397
68022922131	398
68032000728	399
68032717574	400
68040708094	401
68043054666	402
68052234215	403
68052425538	404
68062446765	405
68062671725	406
68063174647	407
68071435985	408
68080400280	409
68081414545	410
68081903379	411
69010302292	412
69010552499	413
69012637165	414
69013075070	415
69013184895	416
69020166819	417
69022825875	418
69023062143	419
69030168539	420
69030536239	421
69032114200	422
69032195977	423
69032825807	424
69040425451	425
69052711577	426
69053036196	427
69061323804	428
69070691165	429
69071605291	430
69082693845	431
70012069658	432
70012287342	433
70012316491	434
70020456516	435
70020801408	436
70020991785	437
70032564155	438
70041258386	439
70041340238	440
70041843991	441
70050114156	442
70050871037	443
70051437179	444
70051822032	445
70052059536	446
70052496496	447
70052764984	448
70062507795	449
70063133210	450
70063159731	451
70070304333	452
70071994416	453
70081101879	454
70081560959	455
70082516713	456
71012048184	457
71012377596	458
71013062824	459
71013077280	460
71020407397	461
71021394867	462
71030351925	463
71031018607	464
71031147039	465
71040627344	466
71042124658	467
71052968118	468
71060533751	469
71060537519	470
71060671512	471
71062833682	472
71071501439	473
71072004832	474
71072192667	475
71073028725	476
71073149125	477
72010715166	478
72011492264	479
72012228981	480
72012974929	481
72022265080	482
72023178170	483
72032080972	484
72051646698	485
72060737114	486
72062815890	487
72071493551	488
72080239786	489
72081720313	490
73020416836	491
73020854438	492
73030899030	493
73033158745	494
73040156761	495
73042355588	496
73042942423	497
73051384236	498
73060123990	499
73060270296	500
73060695660	501
73061018659	502
73061185364	503
73062212304	504
73062715630	505
73071007694	506
73071550642	507
73071683368	508
73071962089	509
74010653859	510
74012506162	511
74013018116	512
74020821105	513
74023074920	514
74030233017	515
74030676102	516
74031718461	517
74032617219	518
74040170997	519
74040736665	520
74041730453	521
74043047810	522
74052463812	523
74060800706	524
74062405411	525
74062983807	526
74070433428	527
74070641485	528
74072656672	529
74081448211	530
75011285896	531
75011429377	532
75011892546	533
75012175826	534
75012452095	535
75012799637	536
75030955523	537
75041131336	538
75052056972	539
75052926013	540
75062624851	541
75071588216	542
75081114856	543
75082824109	544
76020399196	545
76023158691	546
76030854522	547
76041535021	548
76042378007	549
76043110365	550
76050723480	551
76052385602	552
76052495954	553
76070490328	554
76072943046	555
76081706229	556
76081894436	557
76082229154	558
76082493795	559
76082861730	560
77010303090	561
77010957251	562
77011711562	563
77012101115	564
77012130830	565
77012684148	566
77013193922	567
77021111929	568
77030500093	569
77031403944	570
77033067908	571
77042650667	572
77050778029	573
77052633757	574
77060761983	575
77060908511	576
77061816590	577
77080177258	578
78010473163	579
78012033222	580
78012102298	581
78020322994	582
78022769951	583
78022937527	584
78030619754	585
78040270527	586
78040380718	587
78040766570	588
78041199586	589
78052821517	590
78061467502	591
78063095875	592
78070253978	593
78072254731	594
78080413100	595
78080701069	596
78082116285	597
78082451481	598
79010262339	599
79010465435	600
79011398491	601
79020151742	602
79022420734	603
79022915915	604
79030766026	605
79032086953	606
79040749796	607
79042185950	608
79051319881	609
79051564328	610
79052146011	611
79060821883	612
79061091566	613
79061445693	614
79062664493	615
79062940890	616
79073149299	617
79080166623	618
80011788546	619
80012185854	620
80020643186	621
80021405211	622
80021681109	623
80022726157	624
80040646891	625
80042165110	626
80050214145	627
80051695475	628
80051770426	629
80053118781	630
80053168557	631
80062480169	632
80062822277	633
80081291810	634
80081968930	635
80082431877	636
81010974091	637
81011159031	638
81011807736	639
81011910685	640
81012649315	641
81021384078	642
81021701178	643
81022050615	644
81030555861	645
81031738113	646
81032816708	647
81040446764	648
81041210009	649
81041609812	650
81042082694	651
81042484984	652
81051948358	653
81052178350	654
81052595917	655
81052879152	656
81053057256	657
81060856477	658
81062825727	659
81062879177	660
81082360455	661
81083096052	662
82010271881	663
82010785395	664
82012583199	665
82021370252	666
82021883604	667
82022276939	668
82030752968	669
82030808843	670
82032296660	671
82032346679	672
82041301001	673
82041369274	674
82043181962	675
82050929658	676
82050934731	677
82051382908	678
82052457375	679
82061173187	680
82063139769	681
82070874097	682
82071595672	683
82071694142	684
82072964907	685
88011110541	686
88030812621	687
88042117058	688
88070701442	689
88122914574	690
